ID	data	wallCenter	wallRight	wallUp	wallFront	x	y	z	size	frameTitle	parent	uniqueCode
3	./Images/001/greeting-EN.png	37.5,37.5,0.5	-1,0,0	0,1,0	0,0,-1	11.7974	-11.3505	0.2	1.3	Wooden_thin	-1:-1	2
4	./Images/001/greeting-JP.png	37.5,37.5,0.5	-1,0,0	0,1,0	0,0,-1	-1.778379	-11.3505	0.2	1.3	Wooden_thin	-1:-1	3
5	./Images/001/歌川国芳/画像/1 八代目市川団十郎の白井権八　五代目沢村宗十郎の白柄十右衛門.jpg	58.5,37.5,100	0,0,-1	0,1,0	1,0,0	25.27679	-10.374	0.2	2	Wooden_thin2	-1:-1	4
6	./Images/001/歌川国芳/キャプション/01-EN.png	58.5,37.5,100	0,0,-1	0,1,0	1,0,0	43.34146	-15.981	0.2	1	Wooden_thin2	-1:-1	5
7	./Images/001/歌川国芳/キャプション/01-JP.png	58.5,37.5,100	0,0,-1	0,1,0	1,0,0	43.36112	-10.815	0.2	1	Wooden_thin2	-1:-1	6
8	./Images/001/歌川国芳/画像/2 英雄大倭十二士　佐々木三郎盛綱.jpg	58.5,37.5,100	0,0,-1	0,1,0	1,0,0	-13.54105	-9.870003	0.2	1.6	Wooden_thin2	-1:-1	7
9	./Images/001/歌川国芳/キャプション/02-JP.png	58.5,37.5,100	0,0,-1	0,1,0	1,0,0	2.472513	-8.043	0.2	1	Wooden_thin2	-1:-1	8
10	./Images/001/歌川国芳/キャプション/03-EN.png	58.5,37.5,100	0,0,-1	0,1,0	1,0,0	2.505577	-15.79201	0.2	1	Wooden_thin2	-1:-1	9
11	./Images/001/歌川国芳/画像/3 英雄大倭十二士　楠河内判官正成.jpg	58.5,37.5,140	0,0,-1	0,1,0	1,0,0	-12.95622	-10.5315	0.2	1.6	Wooden_thin2	-1:-1	10
12	./Images/001/歌川国芳/キャプション/02-JP.png	58.5,37.5,140	0,0,-1	0,1,0	1,0,0	2.469564	-8.2005	0.2	1	Wooden_thin2	-1:-1	11
13	./Images/001/歌川国芳/キャプション/03-EN.png	58.5,37.5,140	0,0,-1	0,1,0	1,0,0	2.4903	-16.044	0.2	1	Wooden_thin2	-1:-1	12
14	./Images/001/歌川国芳/画像/4 英雄大倭十二士　梶原平三景時.jpg	58.5,37.5,140	0,0,-1	0,1,0	1,0,0	-49.37135	-10.5	0.2	1.6	Wooden_thin2	-1:-1	13
15	./Images/001/歌川国芳/キャプション/04-EN.png	58.5,37.5,140	0,0,-1	0,1,0	1,0,0	-33.55275	-16.1385	0.2	1	Wooden_thin2	-1:-1	14
16	./Images/001/歌川国芳/キャプション/04-JP.png	58.5,37.5,140	0,0,-1	0,1,0	1,0,0	-33.57949	-8.200503	0.2	1	Wooden_thin2	-1:-1	15
17	./Images/001/歌川国芳/画像/5 当盛花鳥合　桃花山雀.jpg	58.5,37.5,140	0,0,-1	0,1,0	1,0,0	-88.6028	-10.5	0.2	1.6	Wooden_thin2	-1:-1	16
18	./Images/001/歌川国芳/キャプション/05-JP.png	58.5,37.5,140	0,0,-1	0,1,0	1,0,0	-72.89328	-10.1535	0.2	1	Wooden_thin2	-1:-1	17
19	./Images/001/歌川国芳/キャプション/06-EN.png	58.5,37.5,140	0,0,-1	0,1,0	1,0,0	-72.88	-15.162	0.2	1	Wooden_thin2	-1:-1	18
20	./Images/001/歌川国芳/画像/6 当盛花鳥合　柳につばめ.jpg	7.275284,28.656,190.5142	0,0,1	0,1,0	-1,0,0	-6.920194	-3.1365	0.2	1.3	Wooden_thin2	1:1	20
21	./Images/001/歌川国芳/キャプション/06-EN.png	7.275284,28.656,190.5142	0,0,1	0,1,0	-1,0,0	7.453542	-7.9245	0.2	1	Wooden_thin2	1:1	21
22	./Images/001/歌川国芳/キャプション/06-JP.png	7.275284,28.656,190.5142	0,0,1	0,1,0	-1,0,0	7.461666	-2.632501	0.2	1	Wooden_thin2	1:1	22
24	./Images/001/歌川国芳/画像/8 坂田怪童丸.jpg	0,37.5,276.5	1,0,0	0,1,0	0,0,1	8.417978	-9.618	0.2	2	Wooden_thin2	-1:-1	24
25	./Images/001/歌川国芳/キャプション/08-EN.png	0,37.5,276.5	1,0,0	0,1,0	0,0,1	26.30237	-18.53249	0.2	1	Wooden_thin2	-1:-1	25
26	./Images/001/歌川国芳/キャプション/08-JP.png	0,37.5,276.5	1,0,0	0,1,0	0,0,1	26.32063	-11.13	0.2	1	Wooden_thin2	-1:-1	26
27	./Images/001/歌川国芳/画像/9 鬼若力之助.jpg	0,37.5,276.5	1,0,0	0,1,0	0,0,1	-37.0649	-9.460504	0.2	2	Wooden_thin2	-1:-1	27
28	./Images/001/歌川国芳/キャプション/09-JP.png	0,37.5,276.5	1,0,0	0,1,0	0,0,1	-18.55322	-10.626	0.2	1	Wooden_thin2	-1:-1	28
29	./Images/001/歌川国芳/キャプション/09-EN.png	0,37.5,276.5	1,0,0	0,1,0	0,0,1	-18.53406	-17.83949	0.2	1	Wooden_thin2	-1:-1	29
30	./Images/001/歌川国芳/画像/10 四条畷手の戦い/四条畷手の戦い_01.jpg	-58.5,37.5,140	0,0,1	0,1,0	-1,0,0	1.674456	-10.311	0.2	10	Wooden_thin2	-1:-1	30
31	./Images/001/歌川国芳/画像/10 四条畷手の戦い/四条畷手の戦い_02.jpg	-58.5,37.5,140	0,0,1	0,1,0	-1,0,0	99.55901	-10.9725	0.2	2	Wooden_thin2	-1:-1	31
32	./Images/001/歌川国芳/画像/10 四条畷手の戦い/四条畷手の戦い_03.jpg	-58.5,37.5,140	0,0,1	0,1,0	-1,0,0	-70.80418	-10.7205	0.2	2	Wooden_thin2	-1:-1	32
33	./Images/001/歌川国芳/画像/10 四条畷手の戦い/四条畷手の戦い_04.jpg	-58.5,37.5,140	0,0,1	0,1,0	-1,0,0	-102.2365	-10.6575	0.2	2	Wooden_thin2	-1:-1	33
